0
6 6
1 1 1 1 1 1
1 4 0 0 0 1
1 1 1 1 0 1
0 0 0 1 0 1
0 0 0 1 44 1
0 0 0 1 1 1
1
6 6
1 1 33 1 1 1
1 3 0 0 0 1
1 0 0 0 0 44
1 0 0 0 0 1
1 1 0 4 0 1
0 1 1 1 1 0
2
9 9
0 0 0 0 1 1 1 1 1
0 0 0 1 1 0 0 0 1
0 0 1 1 0 3 4 0 1
0 1 1 0 0 0 0 0 33
1 1 0 0 0 0 0 0 1
1 0 0 0 5 0 0 0 1
1 0 0 0 0 0 0 0 1
1 0 0 0 0 0 0 0 1
1 1 44 1 1 55 1 1 1
3
9 10
1 1 1 1 44 1 1 1 0
1 0 0 0 0 0 0 1 0
1 0 3 0 0 0 0 1 0
1 0 3 0 0 0 0 1 0
33 0 0 0 0 0 0 1 1
1 0 0 0 0 4 0 0 1
1 0 0 0 0 0 0 0 1
1 0 0 0 4 0 0 0 1
1 0 0 1 0 0 1 1 1
1 1 1 1 1 1 1 0 0
4
9 9
0 1 1 1 1 33 1 1 0
1 1 0 0 4 0 0 1 1
1 0 3 0 0 0 4 0 1
1 5 0 0 0 0 0 0 1
1 0 0 0 0 0 0 0 44
1 0 0 0 0 0 0 0 1
1 0 0 0 0 0 0 0 1
1 1 0 0 0 0 0 1 1
0 1 1 1 55 1 1 1 0
5
8 12
0 0 1 1 1 1 0 0
0 0 1 3 0 1 0 0
1 1 1 0 0 1 1 1
1 0 0 0 0 0 0 33
55 0 0 0 0 4 0 1
1 0 0 0 0 0 0 1
1 0 0 0 0 0 0 1
44 0 0 0 0 5 0 1
1 0 0 0 0 0 0 1
1 1 1 0 0 1 1 1
0 0 1 0 0 1 0 0
0 0 1 1 1 1 0 0
6
8 8
0 0 1 44 1 1 0 0
0 0 1 0 2 1 0 0
1 1 1 0 0 1 1 1
22 0 0 0 0 0 3 1
1 4 0 0 0 0 0 55
1 1 1 0 0 1 1 1
0 0 1 5 0 1 0 0
0 0 1 1 33 1 0 0
7
13 8
1 1 1 1 1 1 33 1 1 1 1 1 1
1 0 0 0 0 0 0 0 0 0 0 0 1
1 0 0 0 0 0 0 0 0 0 0 0 1
1 0 0 0 0 0 0 0 0 0 0 0 44
55 0 0 0 0 0 0 0 0 0 0 0 1
1 0 0 0 1 1 22 1 1 0 0 0 1
1 5 0 2 1 0 0 0 1 3 0 4 1
1 1 1 1 1 0 0 0 1 1 1 1 1
8
12 12
1 1 1 1 1 1 22 1 1 1 1 1
1 0 0 0 5 0 0 0 0 0 0 1
1 0 0 0 0 0 0 0 0 0 0 1
33 0 0 0 0 0 0 0 0 0 1 1
1 0 0 0 0 0 0 4 0 0 0 1
1 0 0 1 0 0 0 0 0 0 0 1
1 0 1 0 0 0 0 0 0 0 0 1
1 0 0 0 0 3 0 0 0 0 0 55
1 0 0 0 0 0 0 0 0 0 0 1
1 0 0 1 0 0 0 0 0 0 2 1
1 0 3 0 0 0 0 0 0 0 0 1
1 1 1 1 1 44 1 1 1 1 1 1
9
13 13
33 33 33 33 33 33 33 33 33 33 33 33 33
33 44 66 44 0 44 0 44 0 44 22 44 33
33 0 0 0 0 0 0 0 0 0 0 0 33
33 44 0 0 0 0 0 0 0 0 0 44 33
33 5 0 0 0 6 0 0 0 0 0 0 33
33 44 0 0 0 0 0 0 0 0 0 44 33
33 0 0 0 0 0 0 0 0 0 0 0 33
33 44 0 0 0 0 0 0 0 0 0 44 33
33 0 0 2 0 0 0 0 0 0 0 5 33
33 44 0 0 0 0 0 6 0 0 0 44 33
33 0 0 0 0 0 0 0 0 0 2 1 33
33 44 1 44 1 44 0 44 55 44 0 44 33
33 33 33 33 33 33 33 33 33 33 33 33 33
10
13 13
1 1 1 22 1 1 1 1 1 1 1 1 1
1 2 0 6 0 0 0 0 0 0 0 1 1
1 0 0 0 33 0 0 0 0 0 0 0 1
1 0 1 0 1 0 1 0 0 0 0 0 1
1 0 1 0 1 0 1 0 1 0 0 0 1
1 0 1 0 1 0 1 0 1 0 0 0 1
1 0 1 0 1 0 1 0 1 0 0 0 1
1 0 0 0 1 0 1 0 1 0 0 0 1
1 0 0 0 0 0 44 0 0 0 0 0 1
1 0 4 0 0 0 0 0 0 0 0 0 1
1 0 0 0 0 0 0 0 0 0 0 0 1
1 0 0 0 0 0 3 0 0 0 0 0 1
1 1 1 1 1 1 1 1 66 1 1 1 1
11
13 13
1 1 1 1 1 1 1 1 1 1 1 1 1
1 0 0 0 0 0 0 0 0 0 0 0 1
1 0 0 0 0 0 0 0 0 0 0 0 1
1 0 0 33 1 1 1 1 1 0 0 0 1
1 0 0 1 44 44 44 44 1 0 0 0 1
1 0 0 1 44 44 44 44 1 0 0 0 1
1 0 0 1 44 44 44 44 1 0 0 0 1
1 0 0 1 44 44 44 1 1 0 0 0 1
1 0 0 1 1 1 1 1 1 0 0 0 1
1 0 0 0 0 0 0 0 0 1 0 0 1
1 0 0 0 0 5 3 0 0 0 0 0 1
1 0 0 0 0 0 0 0 0 0 0 0 1
1 1 55 1 1 1 1 1 1 1 1 1 1
12
13 13
33 33 33 33 33 33 33 33 66 33 33 33 33
33 0 0 0 0 0 0 0 4 0 0 0 33
33 0 0 0 0 0 0 0 0 0 0 0 22
44 0 0 0 0 0 0 0 0 0 0 0 33
33 0 0 1 6 0 1 0 0 1 0 0 33
33 0 0 33 33 55 33 33 33 33 0 0 33
33 0 0 33 33 55 33 33 33 33 0 0 33
33 0 0 55 55 55 55 55 55 55 0 0 33
33 0 0 33 33 55 33 33 33 33 0 0 33
33 0 0 33 33 55 33 33 33 33 0 0 33
33 0 0 0 0 0 0 0 2 0 0 0 33
33 0 0 0 0 0 0 0 0 0 0 0 33
33 33 33 33 33 33 33 33 33 33 33 33 33
13
13 13
1 1 1 1 1 1 1 1 1 1 1 1 1
1 1 0 0 0 0 0 0 0 0 0 1 1
1 0 0 0 0 0 1 0 0 0 0 0 1
1 0 0 0 44 0 1 0 55 0 0 0 1
1 0 0 0 0 0 1 0 0 0 0 0 1
1 0 1 5 0 0 1 0 0 4 1 0 1
1 0 1 0 0 0 1 0 0 0 1 0 1
1 0 1 0 5 0 1 0 4 0 1 0 1
1 0 1 1 1 3 1 3 1 1 1 0 1
1 0 1 1 1 1 1 1 1 1 1 0 1
1 0 0 0 0 0 33 0 0 0 0 0 1
1 0 0 0 0 0 0 0 0 0 0 0 1
1 1 1 1 1 1 1 1 1 1 1 1 1
14
13 13
1 1 1 1 1 1 1 1 1 1 1 1 1
1 77 77 1 6 0 0 0 4 1 77 77 1
1 77 1 1 0 0 0 0 0 1 1 77 1
1 1 1 0 0 0 0 0 0 0 1 1 1
1 3 0 0 0 0 0 0 0 0 0 2 1
1 0 0 0 0 1 1 33 0 0 0 0 1
1 0 0 0 0 1 1 1 0 0 0 0 1
1 0 0 0 0 66 1 44 0 0 0 0 1
22 4 0 0 0 0 0 0 0 0 0 6 1
1 1 1 0 0 0 0 0 0 0 1 1 1
1 77 1 1 0 0 0 0 0 1 1 77 1
1 77 77 1 2 0 0 0 3 1 77 77 1
1 1 1 1 1 1 1 1 1 1 1 1 1
15
13 13
1 1 1 1 1 1 1 1 1 1 1 1 1
1 0 0 1 0 0 4 0 0 0 0 0 1
1 5 1 1 1 1 0 0 0 0 0 0 1
1 0 1 0 0 0 0 0 1 1 0 0 1
1 0 1 0 1 1 0 0 0 1 0 0 1
1 0 0 0 1 0 0 0 0 0 0 0 1
55 0 0 0 0 0 0 0 1 0 0 0 1
1 0 0 0 0 0 0 1 1 0 1 0 1
1 0 0 1 0 0 0 6 0 0 1 0 1
1 0 0 1 1 0 0 0 1 1 1 0 1
1 0 0 22 1 0 0 0 1 66 1 0 1
1 0 2 0 0 0 0 0 0 0 0 0 1
1 1 1 44 1 1 1 1 1 1 1 1 1
16
13 13
1 1 1 1 1 1 1 1 1 1 1 1 1
1 0 0 0 0 0 0 0 0 0 0 0 1
1 0 33 33 0 44 0 0 0 33 33 0 1
1 0 5 33 0 44 44 0 0 33 33 0 1
1 0 0 33 0 44 0 0 0 0 0 0 1
1 0 0 0 0 0 0 0 66 44 0 0 1
1 0 2 0 44 0 0 0 0 44 22 0 1
1 0 33 2 44 44 0 0 0 0 0 0 1
1 0 33 0 6 44 0 33 0 0 0 0 1
1 0 55 0 0 0 0 33 5 0 0 0 1
1 0 33 0 0 0 33 33 0 0 0 0 1
1 0 0 0 0 0 0 0 6 0 0 0 1
1 1 1 1 1 1 1 1 1 1 1 1 1
17
13 13
1 1 1 1 1 1 55 1 1 1 1 1 1
1 0 0 0 0 0 0 0 0 0 0 0 1
1 0 0 0 33 33 0 33 33 5 0 0 1
1 0 0 33 0 33 0 33 0 33 0 0 1
1 0 33 0 0 33 0 33 0 0 33 0 1
1 0 33 0 66 33 0 33 66 0 33 0 1
1 0 33 0 0 33 0 33 0 0 33 0 1
1 0 33 0 33 0 0 2 33 0 33 0 22
1 7 33 33 0 0 0 0 0 33 33 0 77
1 0 0 0 0 0 0 0 0 0 0 0 1
1 0 0 0 0 44 44 44 0 0 0 0 1
1 0 0 0 0 0 0 0 0 0 0 0 1
1 1 1 1 1 1 1 1 1 1 1 1 1
18
13 13
1 1 1 1 1 1 1 1 1 1 1 1 1
1 0 5 0 0 0 0 0 0 0 0 4 1
1 0 0 55 1 1 1 1 1 1 1 0 1
1 0 0 0 0 0 0 0 0 0 1 0 1
1 0 0 1 1 1 1 1 1 0 1 0 1
1 0 0 1 0 0 0 0 1 0 1 0 1
1 0 0 1 0 1 33 0 1 0 1 0 1
1 0 0 1 0 1 44 0 1 0 1 0 1
1 0 0 1 0 1 1 1 1 0 1 0 1
1 0 0 1 0 0 0 0 0 0 1 0 1
1 0 0 1 1 1 1 1 1 1 1 0 1
1 3 0 0 0 0 0 0 0 0 0 0 1
1 1 1 1 1 1 1 1 1 1 1 1 1
19
13 13
1 1 1 1 1 1 1 1 1 1 1 1 77
1 0 0 0 0 0 0 6 33 1 1 77 77
1 0 1 1 1 1 1 1 1 1 77 77 77
1 0 0 0 0 0 0 4 55 1 77 77 77
1 0 1 1 1 1 1 1 1 1 77 77 77
1 0 1 1 1 1 1 1 1 1 77 77 77
1 0 2 0 0 0 22 1 77 77 77 77 77
1 0 1 1 1 1 1 1 1 1 77 77 77
1 0 1 1 1 1 1 1 1 1 77 77 77
1 0 0 0 0 0 0 5 66 1 77 77 77
1 0 1 1 1 1 1 1 1 1 77 77 77
1 0 0 0 0 0 0 3 44 1 1 77 77
1 1 1 1 1 1 1 1 1 1 1 1 77
20
13 13
55 55 55 1 1 1 1 1 1 55 55 55 55
55 55 55 55 0 0 0 0 0 0 66 66 66
55 55 55 0 55 0 0 0 0 0 66 66 66
1 55 0 55 0 0 0 0 0 0 0 66 0
1 0 55 0 0 0 0 0 0 0 66 66 66
1 0 0 0 0 2 55 55 66 66 66 66 66
1 0 0 3 0 7 33 55 0 0 66 66 66
1 0 0 0 0 0 77 55 66 66 66 66 66
22 0 0 0 0 0 0 0 0 0 66 66 66
1 0 0 0 0 0 0 0 0 66 66 66 66
1 0 0 0 0 0 0 0 0 66 0 0 66
1 0 4 0 0 0 0 0 66 66 0 0 66
1 1 1 44 1 1 1 1 1 1 1 66 66
21
13 13
1 1 1 1 1 1 1 1 1 1 1 1 1
1 0 0 6 0 0 0 0 0 4 0 0 1
1 1 44 0 0 0 0 0 0 0 33 1 1
1 0 0 0 0 22 22 22 0 0 0 0 1
1 0 0 0 22 0 22 0 22 0 0 0 1
1 0 0 22 0 0 22 0 0 22 0 0 1
1 0 0 22 0 0 22 0 0 22 0 0 1
1 0 0 22 0 22 0 22 0 22 0 0 1
1 0 0 0 22 0 0 0 22 0 0 0 1
1 0 0 0 0 22 22 22 0 0 0 0 1
1 1 55 0 0 0 0 0 0 0 66 1 1
1 3 0 0 0 0 0 0 0 0 0 5 1
1 1 1 1 1 1 1 1 1 1 1 1 1
22
13 13
1 1 1 1 1 1 1 1 1 1 1 1 1
55 0 0 0 0 0 0 0 0 0 0 6 1
1 0 0 0 0 0 0 0 0 0 0 0 1
33 33 33 0 33 7 0 33 0 33 0 33 33
33 0 33 0 33 0 0 33 0 33 0 33 0
33 0 33 0 33 0 0 33 0 33 0 33 33
33 33 33 0 33 0 0 33 0 33 0 33 0
33 0 33 0 33 0 0 33 0 33 0 33 0
33 33 33 0 33 33 0 33 33 33 0 33 33
1 0 0 0 0 0 0 0 0 0 0 0 77
66 0 0 0 0 0 0 0 0 0 2 0 1
1 0 0 0 0 0 0 0 0 0 5 0 1
1 1 1 1 1 1 1 1 22 1 1 1 1
23
13 13
44 44 44 44 44 44 44 44 44 44 44 44 44
44 44 0 0 0 0 0 0 0 0 0 0 44
44 0 1 3 0 0 0 0 0 0 1 0 44
44 0 0 22 0 0 0 0 0 1 0 0 44
44 0 0 0 55 2 0 0 33 0 0 0 44
44 0 0 0 0 1 0 1 0 0 0 0 44
44 0 5 0 0 0 1 0 0 0 0 0 44
44 0 0 0 0 0 1 0 0 0 0 0 44
44 0 0 0 0 0 1 0 0 0 0 0 44
44 0 0 0 1 1 1 1 1 0 0 0 44
44 0 0 0 0 0 0 0 0 0 0 0 44
44 0 0 0 0 0 3 0 0 0 0 0 44
44 44 44 44 44 44 44 44 44 44 44 44 44
24
13 13
1 1 1 1 1 1 1 1 1 1 1 1 1
1 3 0 0 0 0 0 0 0 0 0 4 1
1 0 0 0 1 1 1 1 44 0 0 0 1
55 0 0 0 0 0 0 0 0 0 0 0 1
1 0 0 1 1 1 1 1 1 1 0 0 1
1 0 0 0 0 0 0 0 0 0 0 0 1
1 0 1 33 1 1 1 1 1 1 1 0 1
1 0 0 0 0 0 0 0 0 0 0 0 1
1 0 0 1 1 1 1 1 1 1 0 0 1
1 0 0 0 0 0 0 0 0 0 0 0 1
1 0 0 0 1 1 1 1 1 0 0 0 1
1 0 0 0 0 0 0 0 0 0 0 5 1
1 1 1 1 1 1 1 1 1 1 1 1 1
25
13 13
1 1 1 1 1 1 1 1 1 33 1 1 1
1 0 0 0 0 0 0 0 0 0 0 0 1
1 0 0 0 0 44 44 44 0 0 0 0 1
1 0 0 0 0 44 44 44 0 0 0 0 1
66 0 0 2 7 44 44 44 0 0 0 0 55
1 0 44 44 44 44 44 44 44 44 44 0 1
1 0 44 44 44 44 44 44 44 44 44 0 1
1 0 44 44 44 44 44 44 44 44 44 0 1
1 0 0 0 5 44 44 44 3 6 0 0 22
1 0 0 0 0 44 44 44 0 0 0 0 1
1 0 0 0 0 44 44 44 0 0 0 0 1
1 0 0 0 0 0 0 0 0 0 0 0 1
1 1 1 1 77 1 1 1 1 1 1 1 1